1.62 0
1.65999997 50.0000496
1.70000005 74.9998474
1.74000001 25.0000248
1.77999997 25.0000248
1.81999993 0
1.86000001 25.0000248
1.89999998 25.0000248
1.94000006 24.9999485
1.98000002 50.0000496
2.01999998 25.0000248
2.05999994 75.0000687
2.0999999 25.0000248
2.13999987 99.9994965
2.18000007 25.0000248
2.22000003 25.0000248
2.25999999 100.000099
2.29999995 50.0000496
2.33999991 100.000099
2.38000011 49.9997482
2.42000008 125.000122
2.46000004 125.000122
2.5 75.0000687
2.53999996 75.0000687
2.57999992 100.000099
2.61999989 149.999252
2.66000009 100.000099
2.70000005 125.000122
2.74000001 100.000099
2.77999997 75.0000687
2.81999993 125.000122
2.86000013 249.998749
2.9000001 75.0000687
2.94000006 150.000137
2.98000002 125.000122
3.01999998 175.000168
3.05999994 50.0000496
3.0999999 150.000137
3.13999987 99.9994965
3.18000007 150.000137
3.22000003 100.000099
3.25999999 275.000275
3.29999995 225.000214
3.33999991 200.000198
3.38000011 174.99913
3.42000008 250.000244
3.46000004 175.000168
3.5 200.000198
3.53999996 200.000198
3.57999992 275.000275
3.61999989 299.998505
3.66000009 250.000244
3.70000005 275.000275
3.74000001 200.000198
3.77999997 250.000244
3.81999993 275.000275
3.86000013 474.99762
3.9000001 450.000427
3.94000006 225.000214
3.98000002 375.000366
4.01999998 300.000275
4.05999994 250.000244
4.0999999 100.000099
4.13999987 175.000168
4.17999983 350.000336
4.21999979 550.000549
4.26000023 324.996429
4.30000019 575.000549
4.34000015 600.000549
4.38000011 525.000488
4.42000008 375.000366
4.46000004 475.000458
4.5 675.000671
4.53999996 475.000458
4.57999992 325.000305
4.61999989 700.000671
4.65999985 550.000549
4.69999981 450.000427
4.73999977 549.993958
4.78000021 375.000366
4.82000017 450.000427
4.86000013 525.000488
4.9000001 400.000397
4.94000006 400.000397
4.98000002 550.000549
5.01999998 750.000732
5.05999994 550.000549
5.0999999 475.000458
5.13999987 475.000458
5.17999983 750.000732
5.21999979 575.000549
5.26000023 574.993713
5.30000019 625.00061
5.34000015 775.000732
5.38000011 525.000488
5.42000008 600.000549
5.46000004 550.000549
5.5 575.000549
5.53999996 900.000854
5.57999992 650.00061
5.61999989 800.000793
5.65999985 825.000793
5.69999981 775.000732
5.73999977 824.990967
5.78000021 775.000732
5.82000017 750.000732
5.86000013 1050.00098
5.9000001 950.000916
5.94000006 925.000854
5.98000002 825.000793
6.01999998 950.000916
6.05999994 975.000916
6.0999999 950.000916
6.13999987 1225.00122
6.17999983 1375.00134
6.21999979 1175.0011
6.26000023 1574.98267
6.30000019 1450.00134
6.34000015 1325.00122
6.38000011 1175.0011
6.42000008 1425.00134
6.46000004 1300.00122
6.5 1025.00098
6.53999996 800.000793
6.57999992 1025.00098
6.61999989 725.000671
6.65999985 1075.00098
6.69999981 900.000854
6.73999977 774.991516
6.78000021 850.000793
6.82000017 850.000793
6.86000013 675.000671
6.9000001 1075.00098
6.94000006 900.000854
6.98000002 700.000671
7.01999998 850.000793
7.05999994 625.00061
7.0999999 750.000732
7.13999987 750.000732
7.17999983 700.000671
7.21999979 800.000793
7.26000023 649.992859
7.30000019 825.000793
7.34000015 725.000671
7.38000011 600.000549
7.42000008 750.000732
7.46000004 600.000549
7.5 500.000488
7.53999996 600.000549
7.57999992 575.000549
7.61999989 600.000549
7.65999985 600.000549
7.69999981 600.000549
7.73999977 399.995605
7.78000021 450.000427
7.82000017 575.000549
7.86000013 650.00061
7.9000001 550.000549
7.94000006 500.000488
7.98000002 725.000671
8.02000046 625.00061
8.05999947 600.000549
8.10000038 650.00061
8.13999939 525.000488
8.18000031 825.000793
8.21999931 475.000458
8.26000023 475.000458
8.29999924 525.000488
8.34000015 550.000549
8.37999916 800.000793
8.42000008 825.000793
8.45999908 550.000549
8.5 624.985718
8.54000092 550.000549
8.57999992 900.000854
8.62000084 625.00061
8.65999985 550.000549
8.70000076 550.000549
8.73999977 750.000732
8.78000069 700.000671
8.81999969 600.000549
8.86000061 400.000397
8.89999962 600.000549
8.94000053 650.00061
8.97999954 475.000458
9.02000046 525.000488
9.05999947 600.000549
9.10000038 775.000732
9.13999939 500.000488
9.18000031 725.000671
9.21999931 525.000488
9.26000023 600.000549
9.29999924 500.000488
9.34000015 550.000549
9.37999916 650.00061
9.42000008 475.000458
9.45999908 625.00061
9.5 724.983398
9.54000092 650.00061
9.57999992 500.000488
9.62000084 525.000488
9.65999985 725.000671
9.70000076 625.00061
9.73999977 800.000793
9.78000069 600.000549
9.81999969 375.000366
9.86000061 725.000671
9.89999962 650.00061
9.94000053 525.000488
9.97999954 525.000488
10.0200005 825.000793
10.0599995 625.00061
10.1000004 475.000458
10.1399994 625.00061
10.1800003 550.000549
10.2199993 325.000305
10.2600002 275.000275
10.2999992 425.000397
10.3400002 725.000671
10.3799992 575.000549
10.4200001 725.000671
10.4599991 600.000549
10.5 524.987976
10.5400009 475.000458
10.5799999 425.000397
10.6200008 500.000488
10.6599998 475.000458
10.7000008 500.000488
10.7399998 425.000397
10.7800007 250.000244
10.8199997 550.000549
10.8600006 350.000336
10.8999996 375.000366
10.9400005 450.000427
10.9799995 500.000488
11.0200005 450.000427
11.0599995 400.000397
11.1000004 575.000549
11.1399994 425.000397
11.1800003 475.000458
11.2199993 350.000336
11.2600002 600.000549
11.2999992 300.000275
11.3400002 650.00061
11.3799992 425.000397
11.4200001 450.000427
11.4599991 300.000275
11.5 524.987976
11.5400009 400.000397
11.5799999 625.00061
11.6200008 450.000427
11.6599998 375.000366
11.7000008 375.000366
11.7399998 550.000549
11.7800007 325.000305
11.8199997 600.000549
11.8600006 200.000198
11.8999996 475.000458
11.9400005 350.000336
11.9799995 450.000427
12.0200005 300.000275
12.0599995 350.000336
12.1000004 475.000458
12.1399994 325.000305
12.1800003 325.000305
12.2199993 375.000366
12.2600002 350.000336
12.2999992 600.000549
12.3400002 150.000137
12.3799992 350.000336
12.4200001 375.000366
12.4599991 275.000275
12.5 524.987976
12.5400009 475.000458
12.5799999 325.000305
12.6200008 425.000397
12.6599998 525.000488
12.7000008 300.000275
12.7399998 350.000336
12.7800007 225.000214
12.8199997 275.000275
12.8600006 300.000275
12.8999996 350.000336
12.9400005 375.000366
12.9799995 350.000336
13.0200005 325.000305
13.0599995 350.000336
13.1000004 300.000275
13.1399994 325.000305
13.1800003 300.000275
13.2199993 575.000549
13.2600002 300.000275
13.2999992 400.000397
13.3400002 450.000427
13.3799992 300.000275
13.4200001 250.000244
13.4599991 275.000275
13.5 374.991425
13.5400009 300.000275
13.5799999 150.000137
13.6200008 200.000198
13.6599998 375.000366
13.7000008 350.000336
13.7399998 400.000397
13.7800007 275.000275
13.8199997 175.000168
13.8600006 250.000244
13.8999996 300.000275
13.9400005 325.000305
13.9799995 225.000214
14.0200005 275.000275
14.0599995 225.000214
14.1000004 175.000168
14.1399994 325.000305
14.1800003 300.000275
14.2199993 225.000214
14.2600002 400.000397
14.2999992 375.000366
14.3400002 175.000168
14.3799992 225.000214
14.4200001 250.000244
14.4599991 300.000275
14.5 374.991425
14.5400009 425.000397
14.5799999 250.000244
14.6200008 300.000275
14.6599998 400.000397
14.7000008 325.000305
14.7399998 250.000244
14.7800007 150.000137
14.8199997 200.000198
14.8600006 200.000198
14.8999996 225.000214
14.9400005 350.000336
14.9799995 325.000305
15.0200005 300.000275
15.0599995 325.000305
15.1000004 400.000397
15.1399994 125.000122
15.1800003 300.000275
15.2199993 175.000168
15.2600002 325.000305
15.2999992 375.000366
15.3400002 325.000305
15.3799992 300.000275
15.4200001 150.000137
15.4599991 600.000549
15.5 224.994858
15.5400009 325.000305
15.5799999 250.000244
15.6200008 150.000137
15.6599998 200.000198
15.7000008 250.000244
15.7399998 250.000244
15.7800007 125.000122
15.8199997 300.000275
15.8600006 125.000122
15.8999996 225.000214
15.9400005 250.000244
15.9799995 225.000214
16.0200005 374.991425
16.0600014 250.006195
16.1000004 149.996567
16.1399994 325.008057
16.1800003 199.995422
16.2200012 300.007446
16.2600002 274.993713
16.2999992 225.005585
16.3400002 174.996002
16.3800011 225.005585
16.4200001 99.9977112
16.4599991 175.004333
16.5 149.996567
16.5400009 225.005585
16.5799999 199.995422
16.6199989 200.004959
16.6599998 199.995422
16.7000008 125.003098
16.7399998 324.992554
16.7799988 250.006195
16.8199997 399.990845
16.8600006 350.008667
16.8999996 199.995422
16.9399986 275.006805
16.9799995 349.992004
17.0200005 124.997139
17.0600014 375.009308
17.1000004 199.995422
17.1399994 325.008057
17.1800003 324.992554
17.2200012 125.003098
17.2600002 224.994858
17.2999992 225.005585
17.3400002 199.995422
17.3800011 100.00248
17.4200001 224.994858
17.4599991 175.004333
17.5 199.995422
17.5400009 125.003098
17.5799999 124.997139
17.6199989 200.004959
17.6599998 149.996567
17.7000008 125.003098
17.7399998 174.996002
17.7799988 250.006195
17.8199997 174.996002
17.8600006 150.003723
17.8999996 124.997139
17.9399986 100.00248
17.9799995 99.9977112
18.0200005 174.996002
18.0600014 200.004959
18.1000004 149.996567
18.1399994 300.007446
18.1800003 99.9977112
18.2200012 75.0018616
18.2600002 124.997139
18.2999992 175.004333
18.3400002 149.996567
18.3800011 75.0018616
18.4200001 74.9982834
18.4599991 100.00248
18.5 74.9982834
18.5400009 200.004959
18.5799999 74.9982834
18.6199989 75.0018616
18.6599998 224.994858
18.7000008 200.004959
18.7399998 174.996002
18.7799988 225.005585
18.8199997 149.996567
18.8600006 50.0012398
18.8999996 99.9977112
18.9399986 150.003723
18.9799995 224.994858
19.0200005 74.9982834
19.0600014 225.005585
19.1000004 199.995422
19.1399994 250.006195
19.1800003 49.9988556
19.2200012 100.00248
19.2600002 49.9988556
19.2999992 100.00248
19.3400002 24.9994278
19.3800011 100.00248
19.4200001 99.9977112
19.4599991 225.005585
19.5 149.996567
19.5400009 75.0018616
19.5799999 99.9977112
19.6199989 200.004959
19.6599998 149.996567
19.7000008 125.003098
19.7399998 149.996567
19.7799988 100.00248
19.8199997 149.996567
19.8600006 175.004333
19.8999996 74.9982834
19.9399986 150.003723
19.9799995 174.996002
20.0200005 99.9977112
20.0600014 200.004959
20.1000004 99.9977112
20.1399994 75.0018616
20.1800003 199.995422
20.2200012 175.004333
20.2600002 174.996002
20.2999992 175.004333
20.3400002 149.996567
20.3800011 100.00248
20.4200001 99.9977112
20.4599991 150.003723
20.5 74.9982834
20.5400009 150.003723
20.5799999 149.996567
20.6199989 100.00248
20.6599998 149.996567
20.7000008 150.003723
20.7399998 149.996567
20.7799988 200.004959
20.8199997 99.9977112
20.8600006 200.004959
20.8999996 74.9982834
20.9399986 100.00248
20.9799995 49.9988556
21.0200005 99.9977112
21.0600014 25.0006199
21.1000004 24.9994278
21.1399994 125.003098
21.1800003 124.997139
21.2200012 200.004959
21.2600002 99.9977112
21.2999992 200.004959
21.3400002 74.9982834
21.3800011 150.003723
21.4200001 49.9988556
21.4599991 125.003098
21.5 124.997139
21.5400009 25.0006199
21.5799999 49.9988556
21.6199989 100.00248
21.6599998 99.9977112
21.7000008 100.00248
21.7399998 199.995422
21.7799988 150.003723
21.8199997 49.9988556
21.8600006 75.0018616
21.8999996 74.9982834
21.9399986 25.0006199
21.9799995 49.9988556
22.0200005 49.9988556
22.0600014 125.003098
22.1000004 99.9977112
22.1399994 50.0012398
22.1800003 74.9982834
22.2200012 25.0006199
22.2600002 149.996567
22.2999992 150.003723
22.3400002 149.996567
22.3800011 75.0018616
22.4200001 49.9988556
22.4599991 150.003723
22.5 24.9994278
22.5400009 75.0018616
22.5799999 74.9982834
22.6199989 100.00248
22.6599998 99.9977112
22.7000008 75.0018616
22.7399998 224.994858
22.7799988 100.00248
22.8199997 149.996567
22.8600006 150.003723
22.8999996 149.996567
22.9399986 125.003098
22.9799995 49.9988556
23.0200005 149.996567
23.0600014 125.003098
23.1000004 99.9977112
23.1399994 100.00248
23.1800003 49.9988556
23.2200012 50.0012398
23.2600002 0
23.2999992 25.0006199
23.3400002 149.996567
23.3800011 125.003098
23.4200001 199.995422
23.4599991 125.003098
23.5 74.9982834
23.5400009 50.0012398
23.5799999 49.9988556
23.6199989 125.003098
23.6599998 24.9994278
23.7000008 75.0018616
23.7399998 124.997139
23.7799988 25.0006199
23.8199997 74.9982834
23.8600006 0
23.8999996 99.9977112
23.9399986 0
23.9799995 74.9982834
24.0200005 124.997139
24.0600014 125.003098
24.1000004 74.9982834
24.1399994 100.00248
24.1800003 149.996567
24.2200012 25.0006199
24.2600002 24.9994278
24.2999992 75.0018616
24.3400002 174.996002
24.3800011 50.0012398
24.4200001 124.997139
24.4599991 150.003723
24.5 124.997139
24.5400009 100.00248
24.5799999 224.994858
24.6199989 100.00248
24.6599998 49.9988556
24.7000008 200.004959
24.7399998 174.996002
24.7799988 25.0006199
24.8199997 49.9988556
24.8600006 50.0012398
24.8999996 49.9988556
24.9399986 25.0006199
24.9799995 24.9994278
25.0200005 99.9977112
25.0600014 75.0018616
25.1000004 24.9994278
25.1399994 100.00248
25.1800003 49.9988556
25.2200012 100.00248
25.2600002 124.997139
25.2999992 25.0006199
25.3400002 74.9982834
25.3800011 75.0018616
25.4200001 99.9977112
25.4599991 25.0006199
25.5 124.997139
25.5400009 100.00248
25.5799999 124.997139
25.6199989 100.00248
25.6599998 0
25.7000008 75.0018616
25.7399998 24.9994278
25.7799988 0
25.8199997 74.9982834
25.8600006 25.0006199
25.8999996 49.9988556
25.9399986 50.0012398
25.9799995 24.9994278
26.0200005 0
26.0600014 0
26.1000004 49.9988556
26.1399994 75.0018616
26.1800003 24.9994278
26.2200012 25.0006199
26.2600002 49.9988556
26.2999992 0
26.3400002 74.9982834
26.3800011 100.00248
26.4200001 74.9982834
26.4599991 75.0018616
26.5 24.9994278
26.5400009 25.0006199
26.5799999 24.9994278
26.6199989 50.0012398
26.6599998 124.997139
26.7000008 25.0006199
26.7399998 24.9994278
26.7799988 50.0012398
26.8199997 49.9988556
26.8600006 50.0012398
26.8999996 24.9994278
26.9399986 25.0006199
26.9799995 49.9988556
27.0200005 0
27.0600014 75.0018616
27.1000004 0
27.1399994 100.00248
27.1800003 49.9988556
27.2200012 100.00248
27.2600002 24.9994278
27.2999992 0
27.3400002 124.997139
27.3800011 150.003723
27.4200001 0
27.4599991 75.0018616
27.5 49.9988556
27.5400009 25.0006199
27.5799999 49.9988556
27.6199989 125.003098
27.6599998 74.9982834
27.7000008 125.003098
27.7399998 74.9982834
27.7799988 75.0018616
27.8199997 24.9994278
27.8600006 50.0012398
27.8999996 49.9988556
27.9399986 75.0018616
27.9799995 49.9988556
28.0200005 49.9988556
28.0600014 50.0012398
28.1000004 99.9977112
28.1399994 0
28.1800003 24.9994278
28.2200012 25.0006199
28.2600002 49.9988556
28.2999992 50.0012398
28.3400002 74.9982834
28.3800011 25.0006199
28.4200001 74.9982834
28.4599991 75.0018616
28.5 49.9988556
28.5400009 75.0018616
28.5799999 49.9988556
28.6199989 0
28.6599998 0
28.7000008 50.0012398
28.7399998 49.9988556
28.7799988 50.0012398
28.8199997 74.9982834
28.8600006 25.0006199
28.8999996 149.996567
28.9399986 75.0018616
28.9799995 0
29.0200005 0
29.0600014 75.0018616
29.1000004 49.9988556
29.1399994 0
29.1800003 49.9988556
29.2200012 25.0006199
29.2600002 49.9988556
29.2999992 25.0006199
29.3400002 49.9988556
29.3800011 125.003098
29.4200001 49.9988556
29.4599991 0
29.5 74.9982834
29.5400009 0
29.5799999 0
29.6199989 50.0012398
29.6599998 24.9994278
29.7000008 25.0006199
29.7399998 49.9988556
29.7799988 0
29.8199997 49.9988556
29.8600006 100.00248
29.8999996 0
29.9399986 50.0012398
29.9799995 0
30.0200005 149.996567
30.0600014 50.0012398
30.1000004 0
30.1399994 25.0006199
30.1800003 24.9994278
30.2200012 50.0012398
30.2600002 24.9994278
30.2999992 25.0006199
30.3400002 24.9994278
30.3800011 50.0012398
30.4200001 24.9994278
30.4599991 50.0012398
30.5 149.996567
30.5400009 0
30.5799999 74.9982834
30.6199989 50.0012398
30.6599998 0
30.7000008 25.0006199
30.7399998 49.9988556
30.7799988 25.0006199
30.8199997 0
30.8600006 25.0006199
30.8999996 0
30.9399986 50.0012398
30.9799995 49.9988556
31.0200005 49.9988556
31.0600014 25.0006199
31.1000004 24.9994278
31.1399994 75.0018616
31.1800003 0
31.2200012 25.0006199
31.2600002 99.9977112
31.2999992 50.0012398
31.3400002 24.9994278
31.3800011 25.0006199
31.4200001 49.9988556
31.4599991 25.0006199
31.5 0
31.5400009 50.0012398
31.5799999 0
31.6199989 25.0006199
31.6599998 49.9988556
31.7000008 25.0006199
31.7399998 74.9982834
31.7799988 25.0006199
31.8199997 49.9988556
31.8600006 25.0006199
31.8999996 49.9988556
31.9399986 0
31.9799995 49.9988556
32.0200005 24.9994278
32.0600014 0
32.0999985 150.01088
32.1399994 74.9982834
32.1800003 49.9988556
32.2200012 0
32.2600021 100.007248
32.2999992 24.9994278
32.3400002 24.9994278
32.3800011 24.9994278
32.4199982 50.003624
32.4599991 24.9994278
32.5 24.9994278
32.5400009 74.9982834
32.5800018 25.001812
32.6199989 49.9988556
32.6599998 0
32.7000008 24.9994278
32.7399979 50.003624
32.7799988 24.9994278
32.8199997 74.9982834
32.8600006 0
32.9000015 25.001812
32.9399986 99.9977112
32.9799995 74.9982834
33.0200005 0
33.0600014 0
33.0999985 0
33.1399994 49.9988556
33.1800003 0
33.2200012 74.9982834
33.2600021 50.003624
33.2999992 24.9994278
33.3400002 24.9994278
33.3800011 0
33.4199982 25.001812
33.4599991 24.9994278
33.5 74.9982834
33.5400009 24.9994278
33.5800018 25.001812
33.6199989 0
33.6599998 24.9994278
33.7000008 0
33.7399979 50.003624
33.7799988 24.9994278
33.8199997 0
33.8600006 24.9994278
33.9000015 25.001812
33.9399986 49.9988556
33.9799995 24.9994278
34.0200005 24.9994278
34.0600014 24.9994278
34.0999985 50.003624
34.1399994 24.9994278
34.1800003 0
34.2200012 24.9994278
34.2600021 0
34.2999992 0
34.3400002 0
34.3800011 0
34.4199982 25.001812
34.4599991 24.9994278
34.5 0
34.5400009 24.9994278
34.5800018 25.001812
34.6199989 24.9994278
34.6599998 0
34.7000008 49.9988556
34.7399979 0
34.7799988 74.9982834
34.8199997 0
34.8600006 24.9994278
34.9000015 25.001812
34.9399986 24.9994278
34.9799995 24.9994278
35.0200005 24.9994278
35.0600014 49.9988556
35.0999985 25.001812
35.1399994 0
35.1800003 24.9994278
35.2200012 49.9988556
35.2600021 75.0054398
35.2999992 0
35.3400002 49.9988556
35.3800011 0
35.4199982 0
35.4599991 0
35.5 24.9994278
35.5400009 0
35.5800018 50.003624
35.6199989 74.9982834
35.6599998 0
35.7000008 49.9988556
35.7399979 0
35.7799988 0
35.8199997 24.9994278
35.8600006 24.9994278
35.9000015 25.001812
35.9399986 0
35.9799995 0
36.0200005 24.9994278
36.0600014 0
36.0999985 25.001812
36.1399994 24.9994278
36.1800003 24.9994278
36.2200012 49.9988556
36.2600021 25.001812
36.2999992 0
36.3400002 24.9994278
36.3800011 24.9994278
36.4199982 0
36.4599991 24.9994278
36.5 0
36.5400009 49.9988556
36.5800018 25.001812
36.6199989 24.9994278
36.6599998 74.9982834
36.7000008 24.9994278
36.7399979 25.001812
36.7799988 49.9988556
36.8199997 24.9994278
36.8600006 49.9988556
36.9000015 0
36.9399986 24.9994278
36.9799995 0
37.0200005 49.9988556
37.0600014 49.9988556
37.0999985 50.003624
37.1399994 0
37.1800003 0
37.2200012 0
37.2600021 0
37.2999992 24.9994278
37.3400002 24.9994278
37.3800011 0
37.4199982 0
37.4599991 0
37.5 24.9994278
37.5400009 24.9994278
37.5800018 0
37.6199989 0
37.6599998 49.9988556
37.7000008 0
37.7399979 50.003624
37.7799988 0
37.8199997 0
37.8600006 24.9994278
37.9000015 25.001812
37.9399986 0
37.9799995 49.9988556
38.0200005 0
38.0600014 0
38.0999985 0
38.1399994 24.9994278
38.1800003 24.9994278
38.2200012 0
38.2600021 0
38.2999992 24.9994278
38.3400002 0
38.3800011 24.9994278
38.4199982 0
38.4599991 0
38.5 0
38.5400009 49.9988556
38.5800018 0
38.6199989 24.9994278
38.6599998 0
38.7000008 24.9994278
38.7399979 25.001812
38.7799988 24.9994278
38.8199997 74.9982834
38.8600006 24.9994278
38.9000015 50.003624
38.9399986 74.9982834
38.9799995 24.9994278
39.0200005 0
39.0600014 0
39.0999985 75.0054398
39.1399994 0
39.1800003 0
39.2200012 74.9982834
39.2600021 0
39.2999992 0
39.3400002 0
39.3800011 24.9994278
39.4199982 25.001812
39.4599991 0
39.5 24.9994278
39.5400009 24.9994278
39.5800018 25.001812
39.6199989 24.9994278
39.6599998 0
39.7000008 49.9988556
39.7399979 25.001812
39.7799988 0
39.8199997 24.9994278
39.8600006 49.9988556
39.9000015 50.003624
39.9399986 49.9988556
39.9799995 0
40.0200005 0
40.0600014 24.9994278
40.0999985 25.001812
40.1399994 0
40.1800003 0
40.2200012 24.9994278
40.2600021 25.001812
40.2999992 49.9988556
40.3400002 24.9994278
40.3800011 0
40.4199982 75.0054398
40.4599991 49.9988556
40.5 0
40.5400009 0
40.5800018 50.003624
40.6199989 0
40.6599998 0
40.7000008 0
40.7399979 0
40.7799988 0
40.8199997 74.9982834
40.8600006 0
40.9000015 25.001812
40.9399986 24.9994278
40.9799995 0
41.0200005 0
41.0600014 0
41.0999985 25.001812
41.1399994 49.9988556
41.1800003 24.9994278
41.2200012 0
41.2600021 0
41.2999992 0
41.3400002 0
41.3800011 0
41.4199982 25.001812
41.4599991 24.9994278
41.5 0
41.5400009 0
41.5800018 0
41.6199989 0
41.6599998 49.9988556
41.7000008 74.9982834
41.7399979 25.001812
41.7799988 24.9994278
41.8199997 24.9994278
41.8600006 0
41.9000015 0
41.9399986 0
41.9799995 24.9994278
42.0200005 0
42.0600014 0
42.0999985 25.001812
42.1399994 0
42.1800003 0
42.2200012 0
42.2600021 0
42.2999992 0
42.3400002 0
42.3800011 24.9994278
42.4199982 0
42.4599991 0
42.5 0
42.5400009 24.9994278
42.5800018 50.003624
42.6199989 0
42.6599998 24.9994278
42.7000008 49.9988556
42.7399979 0
42.7799988 0
42.8199997 0
42.8600006 24.9994278
42.9000015 25.001812
42.9399986 0
42.9799995 24.9994278
43.0200005 24.9994278
43.0600014 0
43.0999985 0
43.1399994 24.9994278
43.1800003 24.9994278
43.2200012 0
43.2600021 25.001812
43.2999992 0
43.3400002 0
43.3800011 0
43.4199982 50.003624
43.4599991 0
43.5 0
43.5400009 24.9994278
43.5800018 25.001812
43.6199989 49.9988556
43.6599998 0
43.7000008 24.9994278
43.7399979 0
43.7799988 24.9994278
43.8199997 0
43.8600006 0
43.9000015 25.001812
43.9399986 0
43.9799995 49.9988556
44.0200005 0
44.0600014 0
44.0999985 25.001812
44.1399994 24.9994278
44.1800003 0
44.2200012 0
44.2600021 50.003624
44.2999992 0
44.3400002 0
44.3800011 24.9994278
44.4199982 0
44.4599991 49.9988556
44.5 0
44.5400009 0
44.5800018 25.001812
44.6199989 0
44.6599998 24.9994278
44.7000008 0
44.7399979 50.003624
44.7799988 0
44.8199997 24.9994278
44.8600006 49.9988556
44.9000015 0
44.9399986 74.9982834
44.9799995 0
45.0200005 0
45.0600014 24.9994278
45.0999985 0
45.1399994 0
45.1800003 0
45.2200012 0
45.2600021 0
45.2999992 24.9994278
45.3400002 0
45.3800011 24.9994278
45.4199982 0
45.4599991 24.9994278
45.5 0
45.5400009 0
45.5800018 0
45.6199989 74.9982834
45.6599998 24.9994278
45.7000008 0
45.7399979 0
45.7799988 0
45.8199997 24.9994278
45.8600006 0
45.9000015 25.001812
45.9399986 0
45.9799995 0
46.0200005 24.9994278
46.0600014 24.9994278
46.0999985 25.001812
46.1399994 24.9994278
46.1800003 0
46.2200012 0
46.2600021 0
46.2999992 24.9994278
46.3400002 24.9994278
46.3800011 0
46.4199982 25.001812
46.4599991 24.9994278
46.5 0
46.5400009 0
46.5800018 0
46.6199989 49.9988556
46.6599998 0
46.7000008 0
46.7399979 0
46.7799988 0
46.8199997 0
46.8600006 0
46.9000015 0
46.9399986 0
46.9799995 24.9994278
47.0200005 0
47.0600014 0
47.0999985 25.001812
47.1399994 49.9988556
47.1800003 0
47.2200012 24.9994278
47.2600021 0
47.2999992 0
47.3400002 0
47.3800011 0
47.4199982 25.001812
47.4599991 24.9994278
47.5 0
47.5400009 24.9994278
47.5800018 0
47.6199989 0
47.6599998 24.9994278
47.7000008 0
47.7399979 0
47.7799988 24.9994278
47.8199997 24.9994278
47.8600006 24.9994278
47.9000015 0
47.9399986 0
47.9799995 0
48.0200005 0
48.0600014 49.9988556
48.0999985 25.001812
48.1399994 0
48.1800003 24.9994278
48.2200012 0
48.2600021 0
48.2999992 74.9982834
48.3400002 0
48.3800011 0
48.4199982 0
48.4599991 0
48.5 0
48.5400009 0
48.5800018 25.001812
48.6199989 0
48.6599998 24.9994278
48.7000008 0
48.7399979 25.001812
48.7799988 0
48.8199997 0
48.8600006 0
48.9000015 0
48.9399986 24.9994278
48.9799995 0
49.0200005 24.9994278
49.0600014 0
49.0999985 25.001812
49.1399994 0
49.1800003 0
49.2200012 0
49.2600021 0
49.2999992 0
49.3400002 0
49.3800011 0
49.4199982 0
49.4599991 24.9994278
49.5 24.9994278
49.5400009 0
49.5800018 0
49.6199989 0
49.6599998 0
49.7000008 0
49.7399979 0
49.7799988 0
49.8199997 24.9994278
49.8600006 0
49.9000015 0
49.9399986 24.9994278
49.9799995 0
50.0200005 0
50.0600014 0
50.0999985 0
50.1399994 0
50.1800003 0
50.2200012 0
50.2600021 0
50.2999992 0
50.3400002 49.9988556
50.3800011 0
50.4199982 25.001812
50.4599991 0
50.5 0
50.5400009 24.9994278
50.5800018 0
50.6199989 0
50.6599998 24.9994278
50.7000008 0
50.7399979 25.001812
50.7799988 0
50.8199997 0
50.8600006 24.9994278
50.9000015 0
50.9399986 0
50.9799995 24.9994278
51.0200005 24.9994278
51.0600014 0
51.0999985 0
51.1399994 0
51.1800003 0
51.2200012 0
51.2600021 25.001812
51.2999992 24.9994278
51.3400002 24.9994278
51.3800011 0
51.4199982 0
51.4599991 0
51.5 0
51.5400009 0
51.5800018 0
51.6199989 0
51.6599998 0
51.7000008 0
51.7399979 0
51.7799988 24.9994278
51.8199997 24.9994278
51.8600006 0
51.9000015 0
51.9399986 0
51.9799995 0
52.0200005 0
52.0600014 24.9994278
52.0999985 25.001812
52.1399994 24.9994278
52.1800003 0
52.2200012 0
52.2600021 50.003624
52.2999992 0
52.3400002 0
52.3800011 0
52.4199982 25.001812
52.4599991 24.9994278
52.5 24.9994278
52.5400009 0
52.5800018 0
52.6199989 49.9988556
52.6599998 24.9994278
52.7000008 49.9988556
52.7399979 50.003624
52.7799988 0
52.8199997 0
52.8600006 0
52.9000015 25.001812
52.9399986 24.9994278
52.9799995 0
53.0200005 24.9994278
53.0600014 0
53.0999985 25.001812
53.1399994 0
53.1800003 0
53.2200012 0
53.2600021 75.0054398
53.2999992 0
53.3400002 0
53.3800011 24.9994278
53.4199982 0
53.4599991 24.9994278
53.5 0
53.5400009 0
53.5800018 0
53.6199989 0
53.6599998 24.9994278
53.7000008 0
53.7399979 0
53.7799988 24.9994278
53.8199997 0
53.8600006 0
53.9000015 25.001812
53.9399986 24.9994278
53.9799995 24.9994278
54.0200005 0
54.0600014 0
54.0999985 0
54.1399994 24.9994278
54.1800003 49.9988556
54.2200012 0
54.2600021 25.001812
54.2999992 24.9994278
54.3400002 0
54.3800011 0
54.4199982 25.001812
54.4599991 24.9994278
54.5 0
54.5400009 0
54.5800018 0
54.6199989 24.9994278
54.6599998 0
54.7000008 0
54.7399979 25.001812
54.7799988 0
54.8199997 0
54.8600006 0
54.9000015 0
54.9399986 0
54.9799995 24.9994278
55.0200005 24.9994278
55.0600014 0
55.0999985 0
55.1399994 0
55.1800003 24.9994278
55.2200012 0
55.2600021 0
55.2999992 24.9994278
55.3400002 24.9994278
55.3800011 0
55.4199982 0
55.4599991 24.9994278
55.5 0
55.5400009 24.9994278
55.5800018 0
55.6199989 0
55.6599998 0
55.7000008 0
55.7399979 25.001812
55.7799988 0
55.8199997 0
55.8600006 0
55.9000015 0
55.9399986 0
55.9799995 24.9994278
56.0200005 24.9994278
56.0600014 0
56.0999985 50.003624
56.1399994 0
56.1800003 99.9977112
56.2200012 0
56.2600021 0
56.2999992 0
56.3400002 0
56.3800011 0
56.4199982 0
56.4599991 0
56.5 0
56.5400009 0
56.5800018 25.001812
56.6199989 24.9994278
56.6599998 0
56.7000008 0
56.7399979 0
56.7799988 24.9994278
56.8199997 0
56.8600006 0
56.9000015 0
56.9399986 0
56.9799995 0
57.0200005 24.9994278
57.0600014 0
57.0999985 25.001812
57.1399994 24.9994278
57.1800003 0
57.2200012 0
57.2600021 0
57.2999992 0
57.3400002 74.9982834
57.3800011 0
57.4199982 25.001812
57.4599991 0
57.5 24.9994278
57.5400009 0
57.5800018 25.001812
57.6199989 0
57.6599998 0
57.7000008 24.9994278
57.7399979 0
57.7799988 0
57.8199997 24.9994278
57.8600006 0
57.9000015 0
57.9399986 24.9994278
57.9799995 0
58.0200005 0
58.0600014 24.9994278
58.0999985 25.001812
58.1399994 49.9988556
58.1800003 24.9994278
58.2200012 0
58.2600021 0
58.2999992 0
58.3400002 49.9988556
58.3800011 0
58.4199982 25.001812
58.4599991 24.9994278
58.5 24.9994278
58.5400009 0
58.5800018 0
58.6199989 0
58.6599998 0
58.7000008 0
58.7399979 0
58.7799988 0
58.8199997 0
58.8600006 0
58.9000015 0
58.9399986 0
58.9799995 0
59.0200005 24.9994278
59.0600014 0
59.0999985 25.001812
59.1399994 24.9994278
59.1800003 0
59.2200012 0
59.2600021 25.001812
59.2999992 24.9994278
59.3400002 0
59.3800011 24.9994278
59.4199982 0
59.4599991 0
59.5 0
59.5400009 0
59.5800018 0
59.6199989 0
59.6599998 0
59.7000008 49.9988556
59.7399979 0
59.7799988 49.9988556
59.8199997 0
59.8600006 0
59.9000015 0
59.9399986 24.9994278
59.9799995 0
60.0200005 0
60.0600014 0
60.0999985 0
60.1399994 24.9994278
60.1800003 0
60.2200012 0
60.2600021 0
60.2999992 0
60.3400002 0
60.3800011 0
60.4199982 25.001812
60.4599991 0
60.5 0
60.5400009 24.9994278
60.5800018 0
60.6199989 0
60.6599998 0
60.7000008 0
60.7399979 0
60.7799988 0
60.8199997 24.9994278
60.8600006 0
60.9000015 0
60.9399986 0
60.9799995 0
61.0200005 0
61.0600014 0
61.0999985 0
61.1399994 0
61.1800003 0
61.2200012 0
61.2600021 0
61.2999992 0
61.3400002 24.9994278
61.3800011 0
61.4199982 25.001812
61.4599991 0
61.5 0
61.5400009 74.9982834
61.5800018 0
61.6199989 24.9994278
61.6599998 0
61.7000008 0
61.7399979 0
61.7799988 0
61.8199997 0
61.8600006 0
61.9000015 0
61.9399986 24.9994278
61.9799995 24.9994278
62.0200005 0
62.0600014 0
62.0999985 0
62.1399994 0
62.1800003 0
62.2200012 0
62.2600021 25.001812
62.2999992 24.9994278
62.3400002 0
62.3800011 0
62.4199982 0
62.4599991 24.9994278
62.5 0
62.5400009 0
62.5800018 25.001812
62.6199989 0
62.6599998 0
62.7000008 0
62.7399979 25.001812
62.7799988 24.9994278
62.8199997 0
62.8600006 0
62.9000015 25.001812
62.9399986 0
62.9799995 0
63.0200005 0
63.0600014 0
63.0999985 25.001812
63.1399994 24.9994278
63.1800003 0
63.2200012 0
63.2600021 0
63.2999992 0
63.3400002 24.9994278
63.3800011 0
63.4199982 25.001812
63.4599991 0
63.5 0
63.5400009 0
63.5800018 25.001812
63.6199989 24.9994278
63.6599998 0
63.7000008 0
63.7399979 0
63.7799988 0
63.8199997 0
63.8600006 0
63.9000015 0
63.9399986 24.9994278
63.9799995 0
64.0200043 0
64.0599976 0
64.1000061 0
64.1399994 0
64.1800003 0
64.2200012 0
64.2599945 0
64.3000031 0
64.3399963 0
64.3800049 24.9994278
64.4199982 0
64.4600067 24.9994278
64.5 0
64.5399933 0
64.5800018 0
64.6199951 0
64.6600037 24.9994278
64.6999969 0
64.7400055 0
64.7799988 0
64.8199997 0
64.8600006 0
64.8999939 0
64.9400024 24.9994278
64.9799957 24.9994278
65.0200043 24.9994278
65.0599976 0
65.1000061 24.9994278
65.1399994 24.9994278
65.1800003 0
65.2200012 24.9994278
65.2599945 0
65.3000031 0
65.3399963 0
65.3800049 0
65.4199982 0
65.4600067 24.9994278
65.5 0
65.5399933 24.9994278
65.5800018 0
65.6199951 0
65.6600037 0
65.6999969 0
65.7400055 0
65.7799988 0
65.8199997 0
65.8600006 0
65.8999939 24.9994278
65.9400024 24.9994278
65.9799957 0
66.0200043 0
66.0599976 0
66.1000061 0
66.1399994 0
66.1800003 0
66.2200012 0
66.2599945 0
66.3000031 0
66.3399963 0
66.3800049 0
66.4199982 24.9994278
66.4600067 0
66.5 0
66.5399933 24.9994278
66.5800018 0
66.6199951 0
66.6600037 0
66.6999969 24.9994278
66.7400055 0
66.7799988 0
66.8199997 0
66.8600006 24.9994278
66.8999939 0
66.9400024 0
66.9799957 0
67.0200043 0
67.0599976 0
67.1000061 24.9994278
67.1399994 0
67.1800003 25.0041962
67.2200012 0
67.2599945 0
67.3000031 0
67.3399963 0
67.3800049 0
67.4199982 49.9988556
67.4600067 24.9994278
67.5 0
67.5399933 0
67.5800018 0
67.6199951 0
67.6600037 0
67.6999969 0
67.7400055 0
67.7799988 24.9994278
67.8199997 25.0041962
67.8600006 0
67.8999939 0
67.9400024 0
67.9799957 0
68.0200043 0
68.0599976 0
68.1000061 24.9994278
68.1399994 0
68.1800003 25.0041962
68.2200012 0
68.2599945 0
68.3000031 0
68.3399963 0
68.3800049 0
68.4199982 0
68.4600067 0
68.5 0
68.5399933 0
68.5800018 0
68.6199951 0
68.6600037 0
68.6999969 0
68.7400055 0
68.7799988 49.9988556
68.8199997 0
68.8600006 0
68.8999939 0
68.9400024 0
68.9799957 0
69.0200043 0
69.0599976 24.9994278
69.1000061 0
69.1399994 24.9994278
69.1800003 0
69.2200012 24.9994278
69.2599945 0
69.3000031 0
69.3399963 0
69.3800049 0
69.4199982 0
69.4600067 0
69.5 25.0041962
69.5399933 24.9994278
69.5800018 0
69.6199951 0
69.6600037 0
69.6999969 0
69.7400055 0
69.7799988 0
69.8199997 0
69.8600006 0
69.8999939 0
69.9400024 0
69.9799957 0
70.0200043 0
70.0599976 0
70.1000061 0
70.1399994 0
70.1800003 0
70.2200012 0
70.2599945 0
70.3000031 0
70.3399963 0
70.3800049 0
70.4199982 0
70.4600067 49.9988556
70.5 0
70.5399933 0
70.5800018 0
70.6199951 0
70.6600037 0
70.6999969 0
70.7400055 0
70.7799988 49.9988556
70.8199997 25.0041962
70.8600006 0
70.8999939 0
70.9400024 0
70.9799957 0
71.0200043 0
71.0599976 0
71.1000061 24.9994278
71.1399994 0
71.1800003 0
71.2200012 49.9988556
71.2599945 0
71.3000031 24.9994278
71.3399963 24.9994278
71.3800049 24.9994278
71.4199982 0
71.4600067 0
71.5 0
71.5399933 0
71.5800018 0
71.6199951 0
71.6600037 0
71.6999969 24.9994278
71.7400055 0
71.7799988 49.9988556
71.8199997 0
71.8600006 24.9994278
71.8999939 0
71.9400024 0
71.9799957 0
72.0200043 0
72.0599976 0
72.1000061 0
72.1399994 24.9994278
72.1800003 0
72.2200012 0
72.2599945 49.9988556
72.3000031 24.9994278
72.3399963 0
72.3800049 0
72.4199982 0
72.4600067 0
72.5 0
72.5399933 0
72.5800018 0
72.6199951 0
72.6600037 0
72.6999969 0
72.7400055 0
72.7799988 0
72.8199997 0
72.8600006 0
72.8999939 24.9994278
72.9400024 0
72.9799957 0
73.0200043 0
73.0599976 24.9994278
73.1000061 0
73.1399994 0
73.1800003 0
73.2200012 0
73.2599945 0
73.3000031 0
73.3399963 0
73.3800049 0
73.4199982 0
73.4600067 0
73.5 0
73.5399933 0
73.5800018 0
73.6199951 0
73.6600037 0
73.6999969 0
73.7400055 0
73.7799988 0
73.8199997 0
73.8600006 0
73.8999939 0
73.9400024 0
73.9799957 0
74.0200043 0
74.0599976 0
74.1000061 24.9994278
74.1399994 0
74.1800003 0
74.2200012 0
74.2599945 0
74.3000031 0
74.3399963 0
74.3800049 0
74.4199982 0
74.4600067 0
74.5 0
74.5399933 0
74.5800018 0
74.6199951 0
74.6600037 0
74.6999969 0
74.7400055 0
74.7799988 0
74.8199997 0
74.8600006 0
74.8999939 0
74.9400024 0
74.9799957 0
75.0200043 24.9994278
75.0599976 24.9994278
75.1000061 0
75.1399994 24.9994278
75.1800003 0
75.2200012 0
75.2599945 0
75.3000031 0
75.3399963 0
75.3800049 24.9994278
75.4199982 24.9994278
75.4600067 0
75.5 0
75.5399933 0
75.5800018 0
75.6199951 0
75.6600037 0
75.6999969 0
75.7400055 0
75.7799988 24.9994278
75.8199997 0
75.8600006 0
75.8999939 24.9994278
75.9400024 0
75.9799957 0
76.0200043 0
76.0599976 0
76.1000061 0
76.1399994 0
76.1800003 0
76.2200012 0
76.2599945 0
76.3000031 0
76.3399963 0
76.3800049 0
76.4199982 0
76.4600067 24.9994278
76.5 0
76.5399933 0
76.5800018 0
76.6199951 0
76.6600037 0
76.6999969 0
76.7400055 0
76.7799988 24.9994278
76.8199997 0
76.8600006 0
76.8999939 0
76.9400024 0
76.9799957 0
77.0200043 0
77.0599976 0
77.1000061 0
77.1399994 0
77.1800003 0
77.2200012 0
77.2599945 0
77.3000031 0
77.3399963 0
77.3800049 0
77.4199982 0
77.4600067 0
77.5 0
77.5399933 0
77.5800018 24.9994278
77.6199951 0
77.6600037 0
77.6999969 24.9994278
77.7400055 0
77.7799988 24.9994278
77.8199997 0
77.8600006 0
77.8999939 0
77.9400024 0
77.9799957 0
78.0200043 0
78.0599976 0
78.1000061 24.9994278
78.1399994 0
78.1800003 0
78.2200012 0
78.2599945 0
78.3000031 0
78.3399963 0
78.3800049 24.9994278
78.4199982 0
78.4600067 0
78.5 0
78.5399933 24.9994278
78.5800018 0
78.6199951 0
78.6600037 0
78.6999969 0
78.7400055 0
78.7799988 0
78.8199997 0
78.8600006 0
78.8999939 24.9994278
78.9400024 0
78.9799957 0
79.0200043 0
79.0599976 24.9994278
79.1000061 0
79.1399994 0
79.1800003 25.0041962
79.2200012 24.9994278
79.2599945 0
79.3000031 0
79.3399963 0
79.3800049 0
79.4199982 24.9994278
79.4600067 24.9994278
79.5 0
79.5399933 24.9994278
79.5800018 0
79.6199951 0
79.6600037 0
79.6999969 0
79.7400055 0
79.7799988 0
79.8199997 0
79.8600006 0
79.8999939 0
79.9400024 0
79.9799957 0
80.0200043 0
80.0599976 0
80.1000061 0
80.1399994 0
80.1800003 0
80.2200012 0
80.2599945 0
80.3000031 0
80.3399963 0
80.3800049 0
80.4199982 0
80.4600067 0
80.5 0
80.5399933 0
80.5800018 24.9994278
80.6199951 0
80.6600037 24.9994278
80.6999969 0
80.7400055 0
80.7799988 0
80.8199997 0
80.8600006 49.9988556
80.8999939 0
80.9400024 0
80.9799957 0
81.0200043 0
81.0599976 24.9994278
81.1000061 0
81.1399994 0
81.1800003 25.0041962
81.2200012 0
81.2599945 0
81.3000031 0
81.3399963 0
81.3800049 0
81.4199982 49.9988556
81.4600067 0
81.5 0
81.5399933 0
81.5800018 0
81.6199951 0
81.6600037 0
81.6999969 0
81.7400055 0
81.7799988 0
81.8199997 0
81.8600006 0
81.8999939 0
81.9400024 0
81.9799957 0
82.0200043 0
82.0599976 0
82.1000061 0
82.1399994 0
82.1800003 0
82.2200012 0
82.2599945 24.9994278
82.3000031 0
82.3399963 0
82.3800049 0
82.4199982 0
82.4600067 0
82.5 0
82.5399933 0
82.5800018 0
82.6199951 0
82.6600037 0
82.6999969 0
82.7400055 0
82.7799988 0
82.8199997 25.0041962
82.8600006 49.9988556
82.8999939 24.9994278
82.9400024 0
82.9799957 0
83.0200043 0
83.0599976 0
83.1000061 0
83.1399994 0
83.1800003 0
83.2200012 0
83.2599945 24.9994278
83.3000031 0
83.3399963 0
83.3800049 0
83.4199982 0
83.4600067 0
83.5 0
83.5399933 0
83.5800018 0
83.6199951 0
83.6600037 0
83.6999969 0
83.7400055 0
83.7799988 0
83.8199997 0
83.8600006 0
83.8999939 0
83.9400024 0
83.9799957 24.9994278
84.0200043 0
84.0599976 0
84.1000061 0
84.1399994 24.9994278
84.1800003 0
84.2200012 0
84.2599945 0
84.3000031 0
84.3399963 0
84.3800049 0
84.4199982 0
84.4600067 0
84.5 0
84.5399933 24.9994278
84.5800018 0
84.6199951 0
84.6600037 0
84.6999969 0
84.7400055 24.9994278
84.7799988 0
84.8199997 0
84.8600006 0
84.8999939 24.9994278
84.9400024 0
84.9799957 0
85.0200043 0
85.0599976 0
85.1000061 0
85.1399994 0
85.1800003 0
85.2200012 0
85.2599945 0
85.3000031 0
85.3399963 0
85.3800049 0
85.4199982 0
85.4600067 0
85.5 0
85.5399933 0
85.5800018 0
85.6199951 0
85.6600037 0
85.6999969 24.9994278
85.7400055 0
85.7799988 0
85.8199997 25.0041962
85.8600006 0
85.8999939 0
85.9400024 0
85.9799957 24.9994278
86.0200043 24.9994278
86.0599976 24.9994278
86.1000061 0
86.1399994 0
86.1800003 0
86.2200012 0
86.2599945 24.9994278
86.3000031 24.9994278
86.3399963 0
86.3800049 0
86.4199982 0
86.4600067 24.9994278
86.5 0
86.5399933 0
86.5800018 0
86.6199951 0
86.6600037 0
86.6999969 0
86.7400055 0
86.7799988 24.9994278
86.8199997 0
86.8600006 0
86.8999939 24.9994278
86.9400024 0
86.9799957 0
87.0200043 0
87.0599976 24.9994278
87.1000061 0
87.1399994 0
87.1800003 25.0041962
87.2200012 0
87.2599945 0
87.3000031 0
87.3399963 0
87.3800049 0
87.4199982 0
87.4600067 0
87.5 0
87.5399933 0
87.5800018 0
87.6199951 0
87.6600037 24.9994278
87.6999969 0
87.7400055 0
87.7799988 49.9988556
87.8199997 0
87.8600006 0
87.8999939 0
87.9400024 0
87.9799957 24.9994278
88.0200043 0
88.0599976 24.9994278
88.1000061 24.9994278
88.1399994 0
88.1800003 25.0041962
88.2200012 24.9994278
88.2599945 24.9994278
88.3000031 0
88.3399963 0
88.3800049 0
88.4199982 0
88.4600067 0
88.5 0
88.5399933 0
88.5800018 0
88.6199951 0
88.6600037 0
88.6999969 24.9994278
88.7400055 0
88.7799988 0
88.8199997 25.0041962
88.8600006 0
88.8999939 24.9994278
88.9400024 0
88.9799957 49.9988556
89.0200043 0
89.0599976 0
89.1000061 0
89.1399994 0
89.1800003 0
89.2200012 0
89.2599945 0
89.3000031 0
89.3399963 0
89.3800049 0
89.4199982 0
89.4600067 0
89.5 0
89.5399933 0
89.5800018 0
89.6199951 24.9994278
89.6600037 0
89.6999969 0
89.7400055 0
89.7799988 24.9994278
89.8199997 0
89.8600006 0
89.8999939 0
89.9400024 0
89.9799957 0
90.0200043 24.9994278
90.0599976 0
90.1000061 0
90.1399994 0
90.1800003 0
90.2200012 0
90.2599945 0
90.3000031 0
90.3399963 0
90.3800049 24.9994278
90.4199982 24.9994278
90.4600067 0
90.5 0
90.5399933 0
90.5800018 24.9994278
90.6199951 0
90.6600037 0
90.6999969 0
90.7400055 0
90.7799988 0
90.8199997 0
90.8600006 0
90.8999939 0
90.9400024 0
90.9799957 0
91.0200043 24.9994278
91.0599976 0
91.1000061 0
91.1399994 0
91.1800003 25.0041962
91.2200012 0
91.2599945 0
91.3000031 0
91.3399963 0
91.3800049 0
91.4199982 0
91.4600067 0
91.5 25.0041962
91.5399933 0
91.5800018 0
91.6199951 0
91.6600037 0
91.6999969 0
91.7400055 0
91.7799988 24.9994278
91.8199997 0
91.8600006 0
91.8999939 24.9994278
91.9400024 0
91.9799957 0
92.0200043 24.9994278
92.0599976 0
92.1000061 0
92.1399994 0
92.1800003 0
92.2200012 0
92.2599945 0
92.3000031 0
92.3399963 0
92.3800049 0
92.4199982 0
92.4600067 24.9994278
92.5 25.0041962
92.5399933 0
92.5800018 24.9994278
92.6199951 0
92.6600037 0
92.6999969 0
92.7400055 0
92.7799988 24.9994278
92.8199997 0
92.8600006 0
92.8999939 24.9994278
92.9400024 0
92.9799957 24.9994278
93.0200043 0
93.0599976 0
93.1000061 0
93.1399994 0
93.1800003 0
93.2200012 0
93.2599945 0
93.3000031 0
93.3399963 0
93.3800049 0
93.4199982 0
93.4600067 0
93.5 0
93.5399933 0
93.5800018 0
93.6199951 0
93.6600037 0
93.6999969 0
93.7400055 0
93.7799988 0
93.8199997 0
93.8600006 0
93.8999939 0
93.9400024 0
93.9799957 0
94.0200043 0
94.0599976 0
94.1000061 0
94.1399994 0
94.1800003 0
94.2200012 0
94.2599945 0
94.3000031 0
94.3399963 0
94.3800049 0
94.4199982 0
94.4600067 24.9994278
94.5 0
94.5399933 24.9994278
94.5800018 0
94.6199951 0
94.6600037 0
94.6999969 0
94.7400055 0
94.7799988 0
94.8199997 0
94.8600006 0
94.8999939 0
94.9400024 0
94.9799957 0
95.0200043 0
95.0599976 0
95.1000061 0
95.1399994 0
95.1800003 0
95.2200012 0
95.2599945 0
95.3000031 0
95.3399963 0
95.3800049 0
95.4199982 0
95.4600067 0
95.5 0
95.5399933 24.9994278
95.5800018 0
95.6199951 0
95.6600037 0
95.6999969 24.9994278
95.7400055 0
95.7799988 0
95.8199997 0
95.8600006 0
95.8999939 0
95.9400024 0
95.9799957 0
96.0200043 0
96.0599976 0
96.1000061 0
96.1399994 0
96.1800003 0
96.2200012 0
96.2599945 0
96.3000031 0
96.3399963 24.9994278
96.3800049 0
96.4199982 0
96.4600067 0
96.5 0
96.5399933 0
96.5800018 24.9994278
96.6199951 0
96.6600037 0
96.6999969 0
96.7400055 0
96.7799988 0
96.8199997 0
96.8600006 0
96.8999939 24.9994278
96.9400024 0
96.9799957 0
97.0200043 0
97.0599976 0
97.1000061 0
97.1399994 0
97.1800003 0
97.2200012 0
97.2599945 0
97.3000031 0
97.3399963 0
97.3800049 0
97.4199982 0
97.4600067 0
97.5 0
97.5399933 24.9994278
97.5800018 0
97.6199951 0
97.6600037 0
97.6999969 0
97.7400055 0
97.7799988 0
97.8199997 0
97.8600006 0
97.8999939 24.9994278
97.9400024 0
97.9799957 24.9994278
98.0200043 0
98.0599976 0
98.1000061 0
98.1399994 24.9994278
98.1800003 0
98.2200012 0
98.2599945 0
98.3000031 0
98.3399963 24.9994278
98.3800049 24.9994278
98.4199982 0
98.4600067 0
98.5 0
98.5399933 0
98.5800018 0
98.6199951 0
98.6600037 0
98.6999969 0
98.7400055 0
98.7799988 0
98.8199997 0
98.8600006 0
98.8999939 0
98.9400024 0
98.9799957 0
99.0200043 0
99.0599976 0
99.1000061 0
99.1399994 0
99.1800003 0
99.2200012 0
99.2599945 0
99.3000031 0
99.3399963 0
99.3800049 0
99.4199982 0
99.4600067 0
99.5 0
99.5399933 0
99.5800018 0
99.6199951 24.9994278
99.6600037 0
99.6999969 24.9994278
99.7400055 0
99.7799988 0
99.8199997 0
99.8600006 0
99.8999939 0
99.9400024 0
99.9799957 0
100.020004 0
100.059998 0
100.100006 0
100.139999 0
100.18 0
100.220001 0
100.259995 0
100.300003 0
100.339996 0
100.380005 0
100.419998 0
100.460007 0
100.5 0
100.539993 0
100.580002 0
100.619995 0
100.660004 0
100.699997 0
100.740005 0
100.779999 24.9994278
100.82 0
100.860001 0
100.899994 0
100.940002 0
100.979996 0
101.020004 0
101.059998 24.9994278
101.100006 0
101.139999 0
101.18 0
101.220001 0
101.259995 0
101.300003 0
101.339996 0
101.380005 0
101.419998 0
101.460007 0
101.5 0
101.539993 0
101.580002 0
101.619995 0
101.660004 0
101.699997 0
101.740005 0
101.779999 0
101.82 0
101.860001 0
101.899994 0
101.940002 24.9994278
101.979996 0
102.020004 0
102.059998 0
102.100006 0
102.139999 24.9994278
102.18 0
102.220001 24.9994278
102.259995 0
102.300003 0
102.339996 0
102.380005 0
102.419998 0
102.460007 0
102.5 0
102.539993 0
102.580002 0
102.619995 0
102.660004 0
102.699997 0
102.740005 0
102.779999 0
102.82 0
102.860001 0
102.899994 0
102.940002 0
102.979996 0
103.020004 24.9994278
103.059998 0
103.100006 0
103.139999 0
103.18 25.0041962
103.220001 0
103.259995 0
103.300003 0
103.339996 0
103.380005 0
103.419998 0
103.460007 0
103.5 0
103.539993 0
103.580002 0
103.619995 0
103.660004 0
103.699997 0
103.740005 24.9994278
103.779999 0
103.82 0
103.860001 0
103.899994 0
103.940002 24.9994278
103.979996 0
104.020004 0
104.059998 0
104.100006 24.9994278
104.139999 0
104.18 0
104.220001 0
104.259995 0
104.300003 0
104.339996 0
104.380005 24.9994278
104.419998 0
104.460007 0
104.5 0
104.539993 0
104.580002 0
104.619995 0
104.660004 0
104.699997 0
104.740005 0
104.779999 0
104.82 0
104.860001 0
104.899994 0
104.940002 0
104.979996 0
105.020004 0
105.059998 0
105.100006 0
105.139999 0
105.18 0
105.220001 24.9994278
105.259995 0
105.300003 0
105.339996 0
105.380005 24.9994278
105.419998 0
105.460007 0
105.5 0
105.539993 0
105.580002 0
105.619995 0
105.660004 0
105.699997 0
105.740005 0
105.779999 0
105.82 0
105.860001 0
105.899994 0
105.940002 0
105.979996 0
106.020004 24.9994278
106.059998 24.9994278
106.100006 0
106.139999 0
106.18 0
106.220001 0
106.259995 0
106.300003 0
106.339996 0
106.380005 0
106.419998 0
106.460007 0
106.5 0
106.539993 0
106.580002 24.9994278
106.619995 24.9994278
106.660004 0
106.699997 24.9994278
106.740005 0
106.779999 0
106.82 0
106.860001 0
106.899994 0
106.940002 0
106.979996 0
107.020004 0
107.059998 0
107.100006 0
107.139999 0
107.18 0
107.220001 0
107.259995 0
107.300003 0
107.339996 0
107.380005 0
107.419998 0
107.460007 0
107.5 0
107.539993 0
107.580002 0
107.619995 0
107.660004 0
107.699997 0
107.740005 0
107.779999 0
107.82 0
107.860001 0
107.899994 0
107.940002 24.9994278
107.979996 0
108.020004 0
108.059998 0
108.100006 0
108.139999 0
108.18 0
108.220001 0
108.259995 0
108.300003 0
108.339996 0
108.380005 0
108.419998 0
108.460007 0
108.5 0
108.539993 24.9994278
108.580002 0
108.619995 0
108.660004 0
108.699997 0
108.740005 0
108.779999 0
108.82 0
108.860001 0
108.899994 0
108.940002 0
108.979996 0
109.020004 0
109.059998 0
109.100006 0
109.139999 0
109.18 0
109.220001 0
109.259995 0
109.300003 0
109.339996 0
109.380005 0
109.419998 0
109.460007 0
109.5 0
109.539993 0
109.580002 0
109.619995 24.9994278
109.660004 0
109.699997 0
109.740005 0
109.779999 0
109.82 0
109.860001 0
109.899994 0
109.940002 0
109.979996 0
110.020004 0
110.059998 0
110.100006 0
110.139999 0
110.18 0
110.220001 0
110.259995 0
110.300003 0
110.339996 0
110.380005 0
110.419998 0
110.460007 0
110.5 0
110.539993 0
110.580002 0
110.619995 24.9994278
110.660004 0
110.699997 0
110.740005 0
110.779999 0
110.82 25.0041962
110.860001 0
110.899994 0
110.940002 0
110.979996 0
111.020004 0
111.059998 0
111.100006 0
111.139999 0
111.18 0
111.220001 0
111.259995 0
111.300003 0
111.339996 0
111.380005 0
111.419998 0
111.460007 0
111.5 0
111.539993 0
111.580002 0
111.619995 0
111.660004 0
111.699997 0
111.740005 0
111.779999 0
111.82 0
111.860001 0
111.899994 0
111.940002 0
111.979996 0
112.020004 0
112.059998 24.9994278
112.100006 0
112.139999 0
112.18 0
112.220001 0
112.259995 0
112.300003 0
112.339996 0
112.380005 0
112.419998 0
112.460007 0
112.5 0
112.539993 0
112.580002 24.9994278
112.619995 0
112.660004 0
112.699997 0
112.740005 0
112.779999 0
112.82 0
112.860001 0
112.899994 0
112.940002 0
112.979996 0
113.020004 0
113.059998 0
113.100006 0
113.139999 0
113.18 0
113.220001 0
113.259995 24.9994278
113.300003 0
113.339996 0
113.380005 0
113.419998 0
113.460007 0
113.5 0
113.539993 0
113.580002 0
113.619995 0
113.660004 0
113.699997 0
113.740005 0
113.779999 0
113.82 0
113.860001 0
113.899994 0
113.940002 24.9994278
113.979996 0
114.020004 0
114.059998 0
114.100006 0
114.139999 0
114.18 25.0041962
114.220001 0
114.259995 0
114.300003 0
114.339996 0
114.380005 24.9994278
114.419998 0
114.460007 0
114.5 0
114.539993 0
114.580002 0
114.619995 0
114.660004 0
114.699997 0
114.740005 0
114.779999 0
114.82 0
114.860001 0
114.899994 0
114.940002 24.9994278
114.979996 0
115.020004 0
115.059998 0
115.100006 0
115.139999 0
115.18 0
115.220001 0
115.259995 0
115.300003 0
115.339996 24.9994278
115.380005 0
115.419998 24.9994278
115.460007 0
115.5 25.0041962
115.539993 0
115.580002 0
115.619995 0
115.660004 0
115.699997 0
115.740005 0
115.779999 24.9994278
115.82 0
115.860001 0
115.899994 0
115.940002 0
115.979996 0
116.020004 0
116.059998 0
116.100006 24.9994278
116.139999 0
116.18 0
116.220001 0
116.259995 0
116.300003 0
116.339996 0
116.380005 0
116.419998 0
116.460007 0
116.5 0
116.539993 0
116.580002 0
116.619995 0
116.660004 0
116.699997 0
116.740005 0
116.779999 0
116.82 0
116.860001 0
116.899994 0
116.940002 0
116.979996 0
117.020004 0
117.059998 0
117.100006 0
117.139999 24.9994278
117.18 0
117.220001 0
117.259995 0
117.300003 0
117.339996 0
117.380005 0
117.419998 0
117.460007 24.9994278
117.5 0
117.539993 0
117.580002 0
117.619995 0
117.660004 0
117.699997 0
117.740005 0
117.779999 24.9994278
117.82 0
117.860001 0
117.899994 0
117.940002 0
117.979996 0
118.020004 0
118.059998 0
118.100006 0
118.139999 24.9994278
118.18 0
118.220001 0
118.259995 0
118.300003 0
118.339996 0
118.380005 0
118.419998 0
118.460007 0
118.5 0
118.539993 0
118.580002 0
118.619995 0
118.660004 0
118.699997 0
118.740005 0
118.779999 0
118.82 0
118.860001 0
118.899994 0
118.940002 0
118.979996 0
119.020004 0
119.059998 0
119.100006 0
119.139999 0
119.18 0
119.220001 0
119.259995 0
119.300003 0
119.339996 0
119.380005 0
119.419998 0
119.460007 0
119.5 0
119.539993 0
119.580002 0
119.619995 0
119.660004 0
119.699997 0
119.740005 0
119.779999 24.9994278
119.82 0
119.860001 0
119.899994 0
119.940002 0
119.979996 49.9988556
120.020004 0
120.059998 0
120.100006 0
120.139999 0
120.18 0
120.220001 0
120.259995 0
120.300003 0
120.339996 0
120.380005 0
120.419998 0
120.460007 0
120.5 0
120.539993 0
120.580002 0
120.619995 0
120.660004 0
120.699997 0
120.740005 0
120.779999 0
120.82 0
120.860001 0
120.899994 0
120.940002 0
120.979996 0
121.020004 0
121.059998 0
121.100006 0
121.139999 0
121.18 0
121.220001 0
121.259995 0
121.300003 24.9994278
121.339996 0
121.380005 0
121.419998 0
121.460007 0
121.5 0
121.539993 0
121.580002 0
121.619995 0
121.660004 24.9994278
121.699997 0
121.740005 24.9994278
121.779999 0
121.82 0
121.860001 0
121.899994 24.9994278
121.940002 0
121.979996 24.9994278
122.020004 0
122.059998 0
122.100006 0
122.139999 0
122.18 0
122.220001 0
122.259995 0
122.300003 0
122.339996 0
122.380005 24.9994278
122.419998 0
122.460007 0
122.5 0
122.539993 0
122.580002 0
122.619995 24.9994278
122.660004 24.9994278
122.699997 0
122.740005 0
122.779999 24.9994278
122.82 0
122.860001 0
122.899994 0
122.940002 0
122.979996 24.9994278
123.020004 0
123.059998 0
123.100006 0
123.139999 0
123.18 0
123.220001 0
123.259995 0
123.300003 0
123.339996 0
123.380005 0
123.419998 0
123.460007 24.9994278
123.5 0
123.539993 24.9994278
123.580002 0
123.619995 0
123.660004 0
123.699997 0
123.740005 24.9994278
123.779999 0
123.82 0
123.860001 0
123.899994 0
123.940002 24.9994278
123.979996 0
124.020004 0
124.059998 0
124.100006 24.9994278
124.139999 0
124.18 0
124.220001 0
124.259995 0
124.300003 0
124.339996 0
124.380005 0
124.419998 0
124.460007 0
124.5 25.0041962
124.539993 0
124.580002 0
124.619995 0
124.660004 0
124.699997 0
124.740005 0
124.779999 0
124.82 25.0041962
124.860001 0
124.899994 0
124.940002 0
124.979996 24.9994278
125.020004 0
125.059998 0
125.100006 0
125.139999 0
125.18 0
125.220001 0
125.259995 0
125.300003 0
125.339996 0
125.380005 0
125.419998 0
125.460007 0
125.5 0
125.539993 0
125.580002 0
125.619995 0
125.660004 0
125.699997 0
125.740005 0
125.779999 0
125.82 0
125.860001 0
125.899994 0
125.940002 24.9994278
125.979996 0
126.020004 0
126.059998 0
126.100006 0
126.139999 0
126.18 0
126.220001 0
126.259995 0
126.300003 0
126.339996 0
126.380005 0
126.419998 24.9994278
126.460007 0
126.5 0
126.539993 0
126.580002 0
126.619995 0
126.660004 0
126.699997 24.9994278
126.740005 0
126.779999 0
126.82 0
126.860001 0
126.899994 0
126.940002 0
126.979996 0
127.020004 0
127.059998 0
127.100006 0
127.139999 0
127.18 25.0041962
127.220001 0
127.259995 0
127.300003 0
127.339996 0
127.380005 0
127.419998 0
127.460007 0
127.5 25.0041962
127.539993 0
127.580002 0
127.619995 24.9994278
127.660004 0
127.699997 24.9994278
127.740005 0
127.779999 0
127.82 0
127.860001 24.9994278
127.899994 0
127.940002 0
127.979996 0
128.019989 0
128.059998 0
128.100006 0
128.139999 0
128.179993 0
128.220001 0
128.26001 0
128.300003 0
128.339996 0
128.380005 0
128.419998 0
128.459991 0
128.5 0
128.540009 0
128.580002 0
128.619995 0
128.660004 0
128.699997 0
128.73999 0
128.779999 0
128.820007 0
128.860001 0
128.899994 0
128.940002 0
128.980011 0
129.019989 0
129.059998 0
129.100006 0
129.139999 0
129.179993 0
129.220001 0
129.26001 0
129.300003 0
129.339996 25.0041962
129.380005 0
129.419998 0
129.459991 25.0041962
129.5 0
129.540009 0
129.580002 0
129.619995 0
129.660004 0
129.699997 0
129.73999 0
129.779999 0
129.820007 0
129.860001 24.9946613
129.899994 0
129.940002 24.9946613
129.980011 0
130.019989 0
130.059998 0
130.100006 0
130.139999 0
130.179993 0
130.220001 0
130.26001 0
130.300003 0
130.339996 0
130.380005 0
130.419998 0
130.459991 0
130.5 0
130.540009 0
130.580002 0
130.619995 0
130.660004 0
130.699997 0
130.73999 0
130.779999 0
130.820007 25.0041962
130.860001 0
130.899994 0
130.940002 0
130.980011 0
131.019989 0
131.059998 0
131.100006 0
131.139999 0
131.179993 0
131.220001 24.9946613
131.26001 0
131.300003 0
131.339996 0
131.380005 0
131.419998 0
131.459991 0
131.5 24.9946613
131.540009 0
131.580002 0
131.619995 0
131.660004 0
131.699997 0
131.73999 25.0041962
131.779999 0
131.820007 0
131.860001 0
131.899994 0
131.940002 0
131.980011 0
132.019989 0
132.059998 0
132.100006 0
132.139999 0
132.179993 0
132.220001 0
132.26001 25.0041962
132.300003 0
132.339996 0
132.380005 0
132.419998 0
132.459991 0
132.5 0
132.540009 0
132.580002 0
132.619995 0
132.660004 0
132.699997 0
132.73999 0
132.779999 0
132.820007 25.0041962
132.860001 0
132.899994 0
132.940002 0
132.980011 0
133.019989 0
133.059998 0
133.100006 0
133.139999 0
133.179993 0
133.220001 0
133.26001 25.0041962
133.300003 0
133.339996 0
133.380005 0
133.419998 0
133.459991 0
133.5 0
133.540009 0
133.580002 0
133.619995 0
133.660004 0
133.699997 0
133.73999 0
133.779999 24.9946613
133.820007 0
133.860001 0
133.899994 0
133.940002 0
133.980011 0
134.019989 0
134.059998 0
134.100006 25.0041962
134.139999 0
134.179993 0
134.220001 0
134.26001 0
134.300003 0
134.339996 0
134.380005 0
134.419998 0
134.459991 0
134.5 0
134.540009 0
134.580002 24.9946613
134.619995 0
134.660004 25.0041962
134.699997 0
134.73999 0
134.779999 0
134.820007 0
134.860001 0
134.899994 0
134.940002 0
134.980011 0
135.019989 0
135.059998 0
135.100006 0
135.139999 0
135.179993 0
135.220001 0
135.26001 0
135.300003 0
135.339996 0
135.380005 0
135.419998 0
135.459991 0
135.5 0
135.540009 0
135.580002 0
135.619995 0
135.660004 0
135.699997 0
135.73999 0
135.779999 0
135.820007 0
135.860001 0
135.899994 0
135.940002 0
135.980011 0
136.019989 0
136.059998 0
136.100006 0
136.139999 0
136.179993 0
136.220001 24.9946613
136.26001 0
136.300003 0
136.339996 0
136.380005 0
136.419998 0
136.459991 25.0041962
136.5 0
136.540009 25.0041962
136.580002 0
136.619995 0
136.660004 25.0041962
136.699997 0
136.73999 0
136.779999 0
136.820007 0
136.860001 0
136.899994 0
136.940002 0
136.980011 0
137.019989 0
137.059998 0
137.100006 0
137.139999 0
137.179993 0
137.220001 0
137.26001 0
137.300003 24.9946613
137.339996 0
137.380005 0
137.419998 0
137.459991 0
137.5 0
137.540009 0
137.580002 0
137.619995 0
137.660004 0
137.699997 0
137.73999 0
137.779999 0
137.820007 0
137.860001 0
137.899994 0
137.940002 0
137.980011 0
138.019989 0
138.059998 0
138.100006 0
138.139999 0
138.179993 0
138.220001 0
138.26001 0
138.300003 0
138.339996 0
138.380005 0
138.419998 0
138.459991 0
138.5 0
138.540009 0
138.580002 0
138.619995 0
138.660004 0
138.699997 0
138.73999 0
138.779999 0
138.820007 0
138.860001 0
138.899994 0
138.940002 24.9946613
138.980011 0
139.019989 0
139.059998 0
139.100006 0
139.139999 0
139.179993 0
139.220001 0
139.26001 25.0041962
139.300003 0
139.339996 25.0041962
139.380005 0
139.419998 0
139.459991 0
139.5 0
139.540009 0
139.580002 0
139.619995 0
139.660004 0
139.699997 0
139.73999 0
139.779999 0
139.820007 25.0041962
139.860001 0
139.899994 0
139.940002 0
139.980011 25.0041962
140.019989 0
140.059998 0
140.100006 0
140.139999 0
140.179993 0
140.220001 0
140.26001 0
140.300003 0
140.339996 0
140.380005 0
140.419998 0
140.459991 0
140.5 0
140.540009 0
140.580002 0
140.619995 0
140.660004 0
140.699997 0
140.73999 0
140.779999 0
140.820007 0
140.860001 0
140.899994 0
140.940002 0
140.980011 0
141.019989 25.0041962
141.059998 24.9946613
141.100006 0
141.139999 0
141.179993 0
141.220001 0
141.26001 0
141.300003 0
141.339996 0
141.380005 0
141.419998 0
141.459991 0
141.5 0
141.540009 0
141.580002 0
141.619995 0
141.660004 0
141.699997 0
141.73999 0
141.779999 0
141.820007 0
141.860001 0
141.899994 0
141.940002 0
141.980011 0
142.019989 25.0041962
142.059998 0
142.100006 0
142.139999 0
142.179993 25.0041962
142.220001 0
142.26001 0
142.300003 0
142.339996 0
142.380005 0
142.419998 0
142.459991 25.0041962
142.5 0
142.540009 0
142.580002 0
142.619995 0
142.660004 0
142.699997 0
142.73999 0
142.779999 0
142.820007 0
142.860001 24.9946613
142.899994 0
142.940002 0
142.980011 0
143.019989 0
143.059998 0
143.100006 0
143.139999 0
143.179993 0
143.220001 0
143.26001 0
143.300003 0
143.339996 0
143.380005 0
143.419998 0
143.459991 0
143.5 0
143.540009 0
143.580002 0
143.619995 25.0041962
143.660004 0
143.699997 0
143.73999 0
143.779999 0
143.820007 0
143.860001 0
143.899994 0
143.940002 0
143.980011 0
144.019989 0
144.059998 0
144.100006 25.0041962
144.139999 0
144.179993 0
144.220001 0
144.26001 0
144.300003 24.9946613
144.339996 0
144.380005 0
144.419998 0
144.459991 0
144.5 0
144.540009 0
144.580002 0
144.619995 0
144.660004 0
144.699997 0
144.73999 0
144.779999 24.9946613
144.820007 0
144.860001 0
144.899994 0
144.940002 0
144.980011 25.0041962
145.019989 0
145.059998 24.9946613
145.100006 0
145.139999 0
145.179993 0
145.220001 24.9946613
145.26001 0
145.300003 0
145.339996 0
145.380005 0
145.419998 0
145.459991 0
145.5 0
145.540009 0
145.580002 0
145.619995 0
145.660004 0
145.699997 0
145.73999 0
145.779999 0
145.820007 0
145.860001 0
145.899994 0
145.940002 0
145.980011 0
146.019989 0
146.059998 0
146.100006 0
146.139999 0
146.179993 0
146.220001 0
146.26001 0
146.300003 0
146.339996 0
146.380005 0
146.419998 0
146.459991 0
146.5 0
146.540009 0
146.580002 0
146.619995 25.0041962
146.660004 0
146.699997 0
146.73999 0
146.779999 0
146.820007 0
146.860001 0
146.899994 0
146.940002 24.9946613
146.980011 0
147.019989 0
147.059998 0
147.100006 25.0041962
147.139999 0
147.179993 0
147.220001 0
147.26001 0
147.300003 0
147.339996 0
147.380005 0
147.419998 0
147.459991 0
147.5 24.9946613
147.540009 0
147.580002 0
147.619995 0
147.660004 0
147.699997 0
147.73999 0
147.779999 0
147.820007 0
147.860001 0
147.899994 25.0041962
147.940002 0
147.980011 25.0041962
148.019989 0
148.059998 0
148.100006 0
148.139999 0
148.179993 0
148.220001 0
148.26001 0
148.300003 0
148.339996 0
148.380005 0
148.419998 0
148.459991 0
148.5 0
148.540009 25.0041962
148.580002 0
148.619995 0
148.660004 0
148.699997 0
148.73999 25.0041962
148.779999 0
148.820007 0
148.860001 0
148.899994 0
148.940002 0
148.980011 0
149.019989 0
149.059998 0
149.100006 0
149.139999 0
149.179993 0
149.220001 0
149.26001 0
149.300003 0
149.339996 0
149.380005 0
149.419998 0
149.459991 25.0041962
149.5 0
149.540009 0
149.580002 0
149.619995 0
149.660004 0
149.699997 0
149.73999 0
149.779999 0
149.820007 0
149.860001 0
149.899994 0
149.940002 0
149.980011 0
150.019989 0
150.059998 0
150.100006 0
150.139999 0
150.179993 0
150.220001 0
150.26001 0
150.300003 0
150.339996 25.0041962
150.380005 0
150.419998 0
150.459991 0
150.5 0
150.540009 0
150.580002 24.9946613
150.619995 0
150.660004 0
150.699997 0
150.73999 0
150.779999 0
150.820007 0
150.860001 0
150.899994 0
150.940002 0
150.980011 25.0041962
151.019989 0
151.059998 0
151.100006 0
151.139999 0
151.179993 0
151.220001 0
151.26001 0
151.300003 0
151.339996 25.0041962
151.380005 0
151.419998 0
151.459991 0
151.5 0
151.540009 0
151.580002 0
151.619995 0
151.660004 0
151.699997 0
151.73999 0
151.779999 0
151.820007 25.0041962
151.860001 0
151.899994 0
151.940002 0
151.980011 0
152.019989 0
152.059998 0
152.100006 0
152.139999 0
152.179993 25.0041962
152.220001 0
152.26001 50.0083923
152.300003 0
152.339996 0
152.380005 0
152.419998 24.9946613
152.459991 0
152.5 0
152.540009 0
152.580002 0
152.619995 0
152.660004 25.0041962
152.699997 0
152.73999 0
152.779999 0
152.820007 0
152.860001 0
152.899994 0
152.940002 0
152.980011 0
153.019989 25.0041962
153.059998 0
153.100006 0
153.139999 0
153.179993 0
153.220001 0
153.26001 0
153.300003 24.9946613
153.339996 0
153.380005 0
153.419998 0
153.459991 0
153.5 0
153.540009 0
153.580002 24.9946613
153.619995 0
153.660004 0
153.699997 0
153.73999 25.0041962
153.779999 0
153.820007 0
153.860001 0
153.899994 0
153.940002 0
153.980011 0
154.019989 0
154.059998 24.9946613
154.100006 0
154.139999 0
154.179993 0
154.220001 0
154.26001 0
154.300003 0
154.339996 25.0041962
154.380005 25.0041962
154.419998 0
154.459991 0
154.5 0
154.540009 0
154.580002 0
154.619995 25.0041962
154.660004 0
154.699997 24.9946613
154.73999 0
154.779999 0
154.820007 0
154.860001 0
154.899994 0
154.940002 0
154.980011 0
155.019989 0
155.059998 0
155.100006 25.0041962
155.139999 0
155.179993 0
155.220001 0
155.26001 0
155.300003 0
155.339996 0
155.380005 0
155.419998 0
155.459991 0
155.5 24.9946613
155.540009 0
155.580002 0
155.619995 0
155.660004 0
155.699997 0
155.73999 0
155.779999 24.9946613
155.820007 25.0041962
155.860001 0
155.899994 0
155.940002 0
155.980011 0
156.019989 0
156.059998 0
156.100006 0
156.139999 0
156.179993 0
156.220001 0
156.26001 0
156.300003 0
156.339996 25.0041962
156.380005 0
156.419998 0
156.459991 0
156.5 0
156.540009 0
156.580002 0
156.619995 0
156.660004 0
156.699997 0
156.73999 0
156.779999 0
156.820007 0
156.860001 0
156.899994 0
156.940002 0
156.980011 0
157.019989 0
157.059998 0
157.100006 0
157.139999 0
157.179993 0
157.220001 0
157.26001 0
157.300003 0
157.339996 0
157.380005 0
157.419998 0
157.459991 0
157.5 0
157.540009 0
157.580002 0
157.619995 0
157.660004 0
157.699997 0
157.73999 0
157.779999 0
157.820007 0
157.860001 0
157.899994 0
157.940002 0
157.980011 0
158.019989 0
158.059998 0
158.100006 0
158.139999 0
158.179993 0
158.220001 0
158.26001 0
158.300003 0
158.339996 0
158.380005 0
158.419998 0
158.459991 0
158.5 0
158.540009 0
158.580002 0
158.619995 0
158.660004 0
158.699997 0
158.73999 0
158.779999 0
158.820007 0
158.860001 0
158.899994 0
158.940002 0
158.980011 0
159.019989 25.0041962
159.059998 0
159.100006 0
159.139999 24.9946613
159.179993 0
159.220001 0
159.26001 0
159.300003 0
159.339996 0
159.380005 0
159.419998 0
159.459991 0
159.5 0
159.540009 0
159.580002 0
159.619995 0
159.660004 0
159.699997 0
159.73999 0
159.779999 0
159.820007 0
159.860001 0
159.899994 0
159.940002 0
159.980011 0
160.019989 0
160.059998 0
160.100006 0
160.139999 0
160.179993 0
160.220001 0
160.26001 0
160.300003 0
160.339996 0
160.380005 0
160.419998 0
160.459991 0
160.5 0
160.540009 25.0041962
160.580002 0
160.619995 0
160.660004 0
160.699997 0
160.73999 0
160.779999 0
160.820007 0
160.860001 0
160.899994 25.0041962
160.940002 0
160.980011 0
161.019989 25.0041962
161.059998 0
161.100006 0
161.139999 0
161.179993 0
161.220001 0
161.26001 0
161.300003 0
161.339996 0
161.380005 0
161.419998 0
161.459991 0
161.5 0
161.540009 0
161.580002 0
161.619995 0
161.660004 0
161.699997 0
161.73999 0
161.779999 24.9946613
161.820007 0
161.860001 0
161.899994 0
161.940002 0
161.980011 25.0041962
162.019989 0
162.059998 0
162.100006 0
162.139999 0
162.179993 0
162.220001 0
162.26001 0
162.300003 0
162.339996 0
162.380005 0
162.419998 0
162.459991 25.0041962
162.5 0
162.540009 0
162.580002 0
162.619995 0
162.660004 0
162.699997 0
162.73999 0
162.779999 0
162.820007 0
162.860001 49.9893227
162.899994 0
162.940002 0
162.980011 0
163.019989 0
163.059998 0
163.100006 0
163.139999 0
163.179993 0
163.220001 0
163.26001 25.0041962
163.300003 0
163.339996 0
163.380005 0
163.419998 0
163.459991 0
163.5 0
163.540009 0
163.580002 0
163.619995 0
163.660004 0
163.699997 0
163.73999 0
163.779999 24.9946613
163.820007 0
163.860001 0
163.899994 0
163.940002 0
163.980011 0
164.019989 0
164.059998 24.9946613
164.100006 0
164.139999 0
164.179993 0
164.220001 0
164.26001 0
164.300003 0
164.339996 0
164.380005 0
164.419998 0
164.459991 0
164.5 0
164.540009 0
164.580002 0
164.619995 0
164.660004 25.0041962
164.699997 0
164.73999 0
164.779999 0
164.820007 0
164.860001 0
164.899994 0
164.940002 0
164.980011 0
165.019989 0
165.059998 0
165.100006 0
165.139999 24.9946613
165.179993 0
165.220001 0
165.26001 25.0041962
165.300003 0
165.339996 0
165.380005 0
165.419998 24.9946613
